0.022397557219603195
0.2941345743614557
0.24262346778211638
0.2905145028315978
0.40258181229267664
0.18743113388577096
0.008974220061559735
0.049554264127334595
0.37544624822113626
0.016171019509023707
0.017136202123920065
0.042602564214549686
0.11575747521196453
0.06866510727109723
0.9900916132419323
0.011698248470998866
0.021158362764504276
0.1147469497062142
0.10442346333533596
0.050942138373881424
0.016331908551750214
0.1388819782918271
0.3948596551533351
0.012595764871066607
0.11172519395699135
0.04436963155164047
0.4131320960272132
0.14332482659561205
0.08186180746710102
0.9999999999999699
0.26796692219518087
0.04092763936708664
0.023717258101692985
0.38657800029573025
0.1539722287922471
0.18795633956739993
0.0785075023278426
0.17418569542571424
0.03525881824365357
0.23481445526427414
0.24309787719265413
0.041246463195765005
0.36530238770815265
0.1642763911036152
0.15022190595571988
0.2629116422471421
0.040022131909581274
0.14445460002407917
0.016579368009250053
0.23389611042775665
0.2681267658531475
0.26874148704098727
0.18586025563252137
0.013967881760049334
0.22987184974535113
0.10344899868593313
0.31787929252927843
0.2909593372804662
0.3876161156511392
0.038207111757376774
0.15615380019333075
0.1047294632294729
0.10037998308187919
0.284038604133916
0.022303419660373566
0.19084417614500554
0.41668743258708646
0.038796701382897605
0.35458789822057135
0.20825859991302187
0.1250727004428058
0.2032231401487592
0.13440458296603167
0.2197268690767344
0.06937548462875825
0.11138842869540687
0.011620816952430247
0.013089652306206427
0.13771243341505002
0.27728075291218834
0.9999999999999699
0.3633055751288525
0.10830523559283771
0.009690443800011002
0.9999999999999699
0.016368800761781592
0.14908819842331575
0.18694936457628358
0.30251755533839725
0.27139218850226643
0.11630057257429034
0.1714843520644531
0.15273716950864819
0.3281896215075797
0.2797823118435135
0.007980696731111426
0.013422876591285254
0.02764305832211619
0.18343921195752713
0.10980242040106854
0.09955693402989355
0.011427917192093304
0.22478617292371297
0.2011243243132563
0.3813703187348619
0.059194494210326826
0.37089279165623645
0.1224470370765263
0.2976672725026215
0.06053907418056036
0.17601510500043857
0.024627805399480118
0.30234265220145506
0.18166780226612453
0.031112527777258932
0.6138794597905922
0.22422420298091422
0.06270119021049392
0.21965685172544555
0.2087388747398733
0.4195101036062073
0.11357926476066671
0.10628955990158218
0.013680686092335099
0.021641235703214072
0.060955320539377585
0.19061014090255232
0.08286000627931094
0.02932232143915164
0.06707669449220573
0.07979420067500571
0.06946219200727247
0.1416623312227185
0.3415018141615285
0.0777826419687174
0.13208612340223605
0.3297858184380984
0.26256816297852675
0.3318207448076647
0.24970980459163714
0.014378098658771571
0.1426541511461095
0.013208278253162448
0.30764275472852576
0.19195121046338348
0.8379041256831814
0.02266000047761858
0.17709854168456152
0.26256932104067243
0.2161343017549315
0.045028387530387154
0.33721869949781635
0.06078304443372337
0.04983083372419684
0.21243566694102525
0.028331102093790844
0.11298559753426432
0.28308716462298056
0.041281350957352615
0.008712447289469995
0.06120518515970899
0.24987980644618682
0.03896097813410292
0.04327704618629553
0.38796907813735465
0.010012285099026234
0.027160137144935037
0.11464222811471225
0.11749364640047352
0.17744827332007637
0.11958342789881118
0.01614044961510298
0.33684131552009366
0.07186367884184955
0.07608970587310958
0.03895653487494153
0.23338005137731574
0.22300608111938153
0.018307088712591353
0.2997118831461717
0.05463632525827415
0.04752227002386594
0.2815759907751927
0.09482919327060174
0.010728259295348682
0.27832952502513664
0.03391038591233762
0.2746861292115273
0.16781163024651843
0.17486691391302783
0.3146967159847363
0.33846132884736196
0.008753304404612722
0.2563536932941167
0.03931058697991626
0.38231881149876124
0.24423819481299747
0.022359469896899437
0.28879176208388413
0.2661583861161666
0.018370681421081583
0.06976470827031407
0.05000571523026784
0.01612088131691986
0.009031320463114171
0.2232118804931391
0.4061128701367679
0.17823160736170002
0.010182748973323583
0.34696130771336525
0.021591866347275487
0.18632474289084514
0.40359732975908896
0.05401527026859551
0.15278347927540772
0.05961573524784611
0.07107292953290516
0.05742957821396408
0.1414808962395058
0.13260702965317833
0.870705507332505
0.247504793559897
0.054800852245964406
0.20579407492621007
0.3675338632855804
0.3321399611788855
0.2867456105434665
0.18630594743978907
0.02303676889933943
0.15628975081105523
0.15482662359296198
0.0819021773130297
0.11306755554363251
0.40052003740886744
0.08191180247181665
0.2802371727196569
0.23122170700263178
0.008814746989080838
0.2241514421435398
0.09202289685484162
0.03816494538189932
0.015144709367894646
0.16490702050583017
0.1561406210534887
0.07387276800170944
0.23919281163971906
0.33268705509828866
0.07618097892470467
0.3306901125861486
0.011636405910900377
0.12094421177000939
0.061776930393059336
0.06077355940173362
0.09340425078949535
0.023168196248925275
0.35620356467226827
0.10182246014590358
0.42475301416857825
0.19206259058914602
0.28320393263873617
0.9999999999999699
0.009094244649655874
0.06176615071317061
0.021964962143166077
0.14270961926350004
0.2970614516644188
0.21920875465034378
0.33756034001597734
0.03312768073851424
0.4055423055030913
0.13897539759207242
0.07556933772691267
0.07899330559426074
0.19586865951633678
0.06569681448798474
0.053813730945766254
0.16649031074440998
0.24462367427761333
0.0910261460187069
0.9999999791171944
0.06509552824684618
0.23878580616461528
0.15176588523979434
0.22808512529359007
0.19506812243569613
0.22295712744503993
0.01945397666970342
0.06963940905938873
0.30314533342660455
0.02480616723760355
0.24451429258321575
0.0850778731370763
0.21805869683856144
0.10929394154311321
0.2963325249502907
0.3884075656876241
0.08703846099380647
0.17787653597005149
0.020314118250381933
0.00892554047869595
0.13217129978992248
0.10949673141483533
0.17967362428495373
0.13025164481938173
0.04653632815308435
0.4006365411366544
0.11609357330112574
0.4375500868055804
0.23416368592610773
0.4087255052094262
0.23187866321616057
0.16897170598238379
0.09525461804553191
0.03372201116698356
0.23356076526871283
0.381401631056312
0.22396360476037894
0.16435893436770763
0.3283932343990013
0.08033556075621383
0.4398939938173675
0.03835793495911902
0.13420483428562782
0.07933931661523701
0.13237989859977742
0.02539864435711722
0.22384629439076204
0.22836297747696
0.36602774729499626
0.3639117988877542
0.03875800524526543
0.00785780102738787
0.29131477355452723
0.16383692252487464
0.24779376934508807
0.24782300840333282
0.0539522807002425
0.1348208180650015
0.361365285099683
0.14873632248846033
0.12734032582381666
0.35497208238109024
0.1522765962159681
0.006609743900962831
0.14611282951203092
0.24855874497458125
0.0654154013175733
0.16252572986071848
0.014898707576292376
0.23593871874914898
0.707480493980498
0.2229673324353382
0.25853098237431327
0.18005629201192622
0.03225188865416098
0.015102868999833777
0.21902994997470684
0.12816642696728595
0.09347484721837802
0.16355843970460915
0.23084307686671052
0.30225702152558875
0.017252165633621204
0.012646427145959942
0.1876113136796253
0.4092781375958908
0.16007149980876953
0.19384828663271142
0.13539728550025784
0.07173500664487086
0.31808970049384183
0.42944249382450933
0.05516189419832323
0.04874580558925688
0.11375978788764536
0.2540758011646735
0.35806363137999697
0.351285439329793
0.10519713964588981
0.18423485172600973
0.13467048057686243
0.05894546345912823
0.21961784963377082
0.20318247564113248
0.10582939978008188
0.049482993019779646
0.05169299215160433
0.09116167080067457
0.03427461546320117
0.05636430535803085
0.017080577958607825
0.15586639886796255
0.024572554102747727
0.14178442576911401
0.04940841821626942
0.18120019973203066
0.008717316065351722
0.03582087746212752
0.14236942368573974
0.029337983413110797
0.09115833661244266
0.1279944036077366
0.2541732538932844
0.04243514042058646
0.18363970860846351
0.062040859873760255
0.35824683587506323
0.1345473637926871
0.1451794507048
0.08767856335582513
0.025818772376293004
0.1477694660664328
0.39994792332259815
0.046496270486931036
0.0729724789586604
0.12427502835547609
0.055000869225748095
0.1827776287036127
0.12472291772347949
0.02346982872902701
0.09992063026156975
0.020487630728643524
0.311180938040559
0.11803577069342756
0.21497522078158557
0.15948538876009233
0.017054749928098804
0.1696388612017996
0.9999999999999699
0.027990044897028363
0.40100148211423586
0.03158517992605208
0.010093479116196574
0.17895116761288263
0.016787525271074962
0.29630144837465366
0.048369692853429305
0.9999999999999699
0.15965969548931128
0.03909421462615126
0.15487197990826826
0.46798058326489766
0.13751262989757765
0.036578289869216345
0.011519400188964796
0.035033032235078705
0.3205661235205629
0.02483834585565737
0.3335088771540321
0.056290166473771004
0.12068701017483954
0.20942807947477665
0.14983554378537378
0.1706133300439443
0.10432677654240671
0.1634120823697581
0.013013539095694967
0.01611633305474395
0.14883087202197617
0.10022457173899052
0.01712844654780318
0.1011437521434219
0.36604340633710886
0.47054794029089875
0.2653359575882177
0.12151605428698166
0.058223827638762396
0.01903929898174646
0.3049489659897537
0.021362978342156103
0.007391076473032548
0.44225123743479045
0.20778786773514354
0.1496969359263987
0.33544136683064796
0.17998657338108945
0.014633980825028014
0.060683356831513595
0.9999999999965512
0.37524349579682764
0.2851699397077041
0.2138007018632677
0.24143526903233514
0.016592434809157855
0.20691549009287913
0.020329502592693147
0.09395608033877581
0.0642680562225113
0.021766800239624864
0.1604661812888513
0.010957416048860044
0.9999999933595848
0.07308995088585994
0.2908764520522782
0.09623654165254965
0.028063203782382817
0.062208859002727344
0.3570133847270177
0.015872357523255422
0.1890925516299959
0.19840553754471438
0.4173403823871323
0.044776195550869126
0.3533066116502655
0.022478647813210326
0.14301471419941197
0.9899245823665473
0.22210916186068294
0.07239064731414976
0.24736142865280583
0.007697036622759657
0.21419231711049705
0.08885532464433675
0.2665549378494619
0.21061080309626978
0.26026185737901136
0.006449340753563784
0.014140838904494062
0.06530880578702636
0.15750115507037776
0.9999999999999699
0.01038457398107067
0.3065889242051109
0.16880860708509868
0.22113477058547043
0.08396884128818927
0.21445391604790195
0.01401500935826434
0.07951022396316196
0.03442809398553943
0.34498024689821954
0.07334866420768811
0.08035352316898618
0.38452845759267984
0.1542140227363315
0.04968451835426009
0.02971602307918093
0.43353094682983395
0.010985408236155238
0.23028717188432607
0.04831470694669708
0.04387745613792475
0.10305952768337942
0.011923932353253763
0.06334750976973455
0.5273644720339533
0.23518038381022377
0.035135034998093
0.015858932348191513
0.18771129450972332
0.06435058623449191
0.04110380161448547
0.013278129490898356
0.28547155884883657
0.013437517821450553
0.1183596805626473
0.22071244822649141
0.17459743196717292
0.07001242336323019
0.18376306369772202
0.3156592319024516
0.08941224414750897
0.1315977469583991
0.016781085192980754
0.02358391329358548
0.00687535463958965
0.20492461049591992
0.23038956639399572
0.06479317215479914
0.006893968646064989
0.1380809604127273
0.2763206213989169
0.3490478837571823
0.1945618985431369
0.038167322195484944
0.14944598564513517
0.0755097911924137
0.18448635205840977
0.022084299277106048
0.1439510452300832
0.07686219342090281
0.04151867384917298
0.24406000305577666
0.12578478880961474
0.022416455407961524
0.14364868641278747
0.0935483891275748
0.01904408097719595
0.31654155665529365
0.1089668679410425
0.11441478463511676
0.25426081005737866
0.015455213289503498
0.008986411521937118
0.18068583880686293
0.3830625160910685
0.2925455789317407
0.3150715909941999
0.12138750750293711
0.3452871014832863
0.24860391747148927
0.23281098778076148
0.16534247418100165
0.013662539432642425
0.4066032796431397
0.21215741353278525
0.06113048707666572
0.008485955338347239
0.203818389121433
0.23137812131444033
0.3795383103521196
0.02265034709667763
0.06433586953367174
0.290561375889198
0.04988948593700732
0.3296297070759818
0.32820111144051417
0.26492329962293704
0.06145988525413007
0.31302735203609056
0.10024517804994097
0.041881553417521325
0.12530016510614503
0.3894428124600951
0.07183521639682561
0.1332831094150542
0.313417553232702
0.14350799143368945
0.15040206758125904
0.38012504839799577
0.34113170541041815
0.07564317170355925
0.03924952410725118
0.17613091006381193
0.12650648105760967
0.017443664826367774
0.13991899094556287
0.014867809773876755
0.1774456042310073
0.08464195808385178
0.00997926481589633
0.212463560290878
0.1322045495602012
0.4052969327443361
0.30136570026094467
0.19709699343174786
0.0281952707550795
0.10972766569471154
0.28030670676121033
0.18038669221146061
0.18247987399456317
0.21777361142194548
0.28347361372643654
0.19311262883912605
0.0883858568584732
0.02699574346744595
0.2818582911652777
0.09340449929896998
0.2184580071376839
0.056410241574395004
0.28135570806530247
0.006815769256128229
0.2758702379825947
0.011752778353454204
0.125302781894998
0.11501733590079168
0.11709366691030376
0.26814891397022367
0.02174249406060148
0.02749345067184753
0.2941953774584442
0.1317251167335524
0.05961993880400784
0.11209174673096621
0.1073132098798238
0.32829388332870374
0.15832090467542975
0.20239652243316122
0.26037364377716304
0.27411552033992487
0.07185653241862273
0.9955375351003904
0.09893822806427445
0.36063306987769816
0.22373390157650616
0.15315878722747134
0.09799748697471387
0.05464620221330543
0.3930308061689954
0.11518126536618846
0.33340629238257957
0.07457657718214121
0.24436357683559756
0.9999999999999699
0.18733226706692016
0.07154367706527141
0.34974346105171
0.02515636760516561
0.22256647518833786
0.13827582534098737
0.007030435594402039
0.05430382175980809
0.9999999999999699
0.1410153013449972
0.09987057574575209
0.9999999999999699
0.32320812142402733
0.23017062910784863
0.05061519410090063
0.9999999999998346
0.9855245339635744
0.9999999999999699
0.02017973317779052
0.02733543474384562
0.21723426858701134
0.08103975421547535
0.21796316572271898
0.9156161569271024
0.1863656805465823
0.22754044178264743
0.009748954151152836
0.3207166330876743
0.18277883489783814
0.14552985815879388
0.3570576817038827
0.30773629674514463
0.4207214059034751
0.029221426000102427
0.9467717465749743
0.05556329904775307
0.39487804181321506
0.15822931051576947
0.28467260689039714
0.0742415247175226
0.023597541262629175
0.212433782496676
0.30572995141715303
0.040139310750818016
0.02075973470661134
0.022728722491204154
0.15827205301404398
0.03157490753777752
0.25073277324994536
0.2840983995397963
0.36355631426206814
0.2968469282091388
0.17759502163529223
0.09465425059565129
0.19026442581409286
0.01656715161708392
0.01970769503864038
0.08283317068920633
0.011353582907884826
0.12087526840852454
0.02077163543678565
0.12256996953048462
0.11152356978920946
0.07895156770251179
0.06759205784758779
0.2319754299257246
0.3919393343145144
0.05983585277771971
0.03393773140074389
0.10768569991556921
0.9999999432239961
0.13574277867259665
0.012875720558935249
0.08594121963827257
0.02726018896454791
0.17060963130397502
0.08913061590689067
0.8618797118544734
0.06264084807426598
0.2009589605135562
0.03215183259148738
0.17084395748832693
0.02885034747362838
0.1596002363205957
0.04459965627716724
0.1895231852638854
0.28643663287787924
0.006755931877542554
0.009389700407338705
0.20853363743247075
0.05011868371433876
0.01887509856901519
0.2059896695284215
0.2564079907525922
0.027845002725447043
0.20360879910404617
0.21119978460370642
0.06035163916273784
0.07598084597337693
0.1931293203537318
0.31326770679442556
0.6505374298144753
0.089870613604156
0.058780479841730605
0.2731059526917805
0.01405166146695485
0.15055227076531438
0.26006391046849625
0.03048371011382961
0.19670650801980405
0.08443597570072263
0.009161771277414684
0.27458905664035343
0.016806536399824296
0.21920760208132903
0.09268414653988029
0.0617542355900423
0.06008614530634108
0.04298356215762021
0.06178746692622082
0.22426310723371748
0.4185549928394872
0.26040271245055024
0.3771217182372528
0.20378069633136037
0.026391626262857147
0.12274917810704575
0.3036918244662226
0.040492001005708364
0.25971395700193695
0.11903591130392906
0.026379558289023677
0.11057697564763391
0.37327401020867057
0.07905809034935146
0.26238729346078093
0.03173500502161359
0.133858798617376
0.250133365186429
0.04089530052530038
0.006405101664095542
0.07837918951726233
0.19163942318518376
0.13728400997841272
0.009776259151208102
0.07225985989689117
0.3190776580854869
0.013244648008006333
0.30977129228462336
0.2717565126792815
0.15657585676210478
0.07567739112719517
0.010149650079784817
0.23428459414637728
0.12879183426921836
0.38698689551549187
0.3390035972951936
0.04156419168634805
0.23465110603585076
0.22906507174585514
0.09211054275922648
0.05550900705186562
0.27588888596950084
0.18685880208647201
0.054817109619401665
0.2085345954499146
0.07330895520791912
0.2478589485394661
0.18933218561932927
0.1413237730096614
0.1036694012555365
0.20228525829762822
0.13725298122199825
0.20597492788974672
0.45571106599536143
0.3408704183587372
0.13583553148906033
0.032125290364484096
0.08939890263923733
0.01829251874984434
0.021313970176229654
0.02256576229508661
0.1841401616184397
0.036096181240697266
0.1974700304328518
0.27326454430020264
0.03248316606885258
0.02199147078090634
0.06156915293740738
0.06813860180727078
0.9608905127717787
0.11701082537576964
0.19906406821736222
0.00969474822137936
0.09587444840507572
0.19697022075895373
0.21113371797218525
0.20670210368813172
0.1790633067098379
0.011369354415274245
0.12202326388472498
0.15436604891567315
0.45978351878379514
0.2849210946898844
0.13229969629314509
0.03418281720679781
0.20207312453465642
0.1186002814397883
0.11590216582038249
0.3370413749058928
0.09900893098583859
0.19760894763810333
0.11761606252428412
0.9999999407766561
0.010153463968289249
0.11827214805449655
0.3065091622361957
0.2016962019577711
0.3421051335344792
0.3425898358087301
0.15206229903225213
0.11391922633220618
0.23169668838209376
0.38420241104089253
0.24150446328787287
0.04821350510580773
0.009241535300031883
0.07846006365506644
0.00786007975230841
0.011597767934419979
0.1827601642884613
0.19099450306295845
0.0710561664781429
0.25902787862095483
0.16248489796996968
0.03947714590835278
0.22541400305983178
0.12250113189793911
0.07514469009315326
0.016401501367275674
0.29416673529770127
0.9999999999999699
0.1938227241290547
0.03251419960161826
0.3177892087281065
0.2430995779719039
0.0366443184902089
0.34888586477669165
0.34573968336875616
0.14974151473102434
0.37495006332091985
0.011473544131747579
0.07450541725138866
0.25588919620470757
0.07435163135622402
0.11037212858035457
0.270814675072471
0.048552019123858696
0.24143126766101525
0.13134567827106117
0.04657861134527354
0.20376114008808893
0.026658971409092895
0.011298827533213212
0.24786084441531228
0.14354777644648686
0.01289327872336784
0.028647739502156322
0.1683379111222375
0.03276164476174669
0.06402708087586301
0.13461481394903682
0.14665601008726883
0.19170279215307284
0.12022028973148463
0.08147201466668552
0.02928050606646578
0.3919528209776536
0.09144088759539468
0.1303363154430533
0.9999999999999699
0.03279740418081421
0.020893470714063424
0.21410584158883333
0.2844991999390471
0.21940086887676902
0.3476343417668095
0.188482719472815
0.17108848677452748
0.2392346390869973
0.3803821807613129
0.17789780919843806
0.14289557918321283
0.06076572989912684
0.26786295482458505
0.1555284324201574
0.1027603045211589
0.4353340857737085
0.2572675880504722
0.34117021634136074
0.16052112270265959
0.04618662514860417
0.34575922836248263
0.12597860011264425
0.14863971414394406
0.06057712784833844
0.06133539660921361
0.3227856264455337
0.07182011154111537
0.1603876404405555
0.4255382962438098
0.23043187996733064
0.42761606639856004
0.14623541182194533
0.40027058439318997
0.046712967902147906
0.08917340196125986
0.03442942052119319
0.014730364182798227
0.009678105695615093
0.12502632596589836
0.08474696485989464
0.4780973511833962
0.02713379013042581
0.22494573497509662
0.35149395756415197
0.06515123821739055
0.11173506933663765
0.2848676381140174
0.20654461610919927
0.26947325604799693
0.06074505985513427
0.26323660391098164
0.3056161939783944
0.12690212386598945
0.01704809895958175
0.22195235075431224
0.3146455129614494
0.23776194351966318
0.2211182945971385
0.0613063218960659
0.01662074661182295
0.06827759960851415
0.390631852289995
0.28456398240000064
0.534350341728028
0.15518604222265459
0.20991274941384994
0.2204731804361593
0.030924528043911197
0.013232865617495518
0.28196396727685796
0.018396669880596007
0.028601312531555824
0.3318232669414682
0.2082216645731035
0.09577677202436648
0.9999999999999699
0.5134669635370577
0.09067339950361505
0.36415252549329213
0.25836461405355315
0.30914065528768825
0.21478842387424985
0.05964791447238562
0.10423831234571312
0.9999999999999699
0.009731484574414313
0.06142625819661381
0.39021574322132413
0.2637944784243705
0.21856254997122357
0.1045823498171108
0.29374991819546126
0.0945746118277594
0.3694824260303183
0.22543647406411857
0.013512521950185657
0.22645639629210632
0.20013716069317822
0.07223173428495192
0.02585594636099376
0.05381608438461337
0.13766101909121567
0.33256005068141975
0.07031720805437444
0.45634278207978085
0.1493639066982144
0.40203354339923175
0.3004831292819202
0.09010602988823614
0.1190312207487703
0.24488066112189888
0.156942124013129
0.38376128788847985
0.21022004122037358
0.09694800198162118
0.17393476609508002
0.681657710437588
0.2792853272964012
0.2051198013311649
0.1054594055610833
0.1656669244393717
0.17954102097912844
0.30429473943682267
0.10767694879401209
0.13952652156951129
0.06078373730827202
0.3333077262246668
0.06450005342093457
0.2164774594264351
0.008019130594401716
0.9196960866553633
0.2845666535658946
0.08912389941355281
0.154546954093596
0.025707080400441763
0.012952294484369506
0.009168605540012276
0.3591173908846016
0.34790250840655657
0.14395570979422914
0.149132522899126
0.3864629593272889
0.20451771582720019
0.15374431558061993
0.34964712612275733
0.02613147911999681
0.018519712797252154
0.14571172407171765
0.282957670973241
0.9999999999999699
0.07892914610082523
0.016413794245258184
0.12629763131862864
0.09281018033931633
0.22474959674893094
0.27061674725479945
0.07092325718592209
0.1840090207384182
0.9999999999999699
0.2289627480426449
0.186444456138913
0.39913991561058026
0.36231656757115394
0.0325591465452307
0.24408564525794235
0.26903437029291166
0.3069965786663447
0.09200602679205523
0.11156087205354945
0.286102152952771
0.20904221439718523
0.36355071041916653
0.020333016142056064
0.04016452924740788
0.08874877197119987
0.287342887279361
0.04752595728388566
0.21078512397375554
0.15136001467920204
0.9999999999999699
0.014542398616341753
0.15390645089989022
0.18989859816659968
0.1654488014620575
0.07342208441960206
0.01186058608359226
0.45571106599536143
0.14780112096970524
0.3953506396952894
0.09874652134799734
0.9999999786557572
0.4372009455480148
0.0779890521822872
0.2543778588597316
0.40605521385782783
0.9693005762136464
0.2540758011646735
0.3986857236218175
0.08591103380124465
0.2533301080996193
0.14002319110834802
0.3842583904716153
0.21893192506428008
0.05606102588638874
0.022703147457762234
0.15353009537401843
0.3797578778954396
0.632324940258353
0.042779973285636715
0.3874094872998215
0.3439901306021542
0.050001979702739445
0.3694226639411084
0.10116301375707526
0.34558996949424786
0.0164434714524208
0.1440492858470394
0.16477125767389625
0.408371449993248
0.023998882923579715
0.36355071041916653
0.08672723586729972
0.06173932137336122
0.15261928591841006
0.07089131212718325
0.2178215626190143
0.02033617463998633
0.014802488251356733
0.21735599020522017
0.1189593346861111
0.3296297042858594
0.08615009440660203
0.09218236893641879
0.3114671080091597
0.15201988949085582
0.9999999999999699
0.3847477205369489
0.04803773963540848
0.06917923549359983
0.04221351131227475
0.3507853855088504
0.999999999998704
0.1302931240057908
0.3363520293657743
0.4872661178900189
0.01026764099667836
0.9999999930713569
0.012566820418569345
0.24827791440383282
0.05035479632474337
0.22226746066217817
0.17487561524650747
0.014645894186912579
0.39077957160222004
0.06408827652442028
0.11724608341063637
0.16296205292594879
0.017561559754538558
0.3473990154098322
0.44750849217895766
0.2153358958394246
0.058868949536974975
0.011740500993687383
0.14648548114804172
0.11298707991754545
0.21088609874491387
0.016428466678301223
0.12811057869026415
0.33697688677384857
0.019010268369782837
0.2115104900098871
0.11628311994926059
0.45054574801777225
0.01376081613757716
0.08812059590593743
0.14452414629728524
0.31118530164893576
0.2610217858332343
0.1714805729861795
0.31701209367961825
0.018237242620502303
0.3122340790699399
0.19753938381794492
0.10251613913755296
0.12920831387413642
0.14717649268400898
0.23212240318632277
0.22343602163106302
0.08031303024606078
0.029206349081147394
0.136571747006012
0.023116831256802695
0.13993594411048224
0.9999999999612736
0.14882881462855999
0.3874666870249636
0.18478064603272584
0.04251744768063915
0.08555472207912015
0.03593267299132861
0.2342015544707446
0.06126500093163725
0.10578858538131282
0.3367744614708418
0.049300869417815814
0.06200620240672142
0.057627650027528156
0.009161268347242289
0.01289485765785566
0.05408678715201877
0.01530068562435433
0.28720054568200687
0.06291656678748078
0.02664275409710183
0.030688294086743357
0.08077534767737043
0.3450241711349526
0.2889197820746591
0.094155847650468
0.999999979264101
0.0777750817790376
0.28059913574578244
0.2837484853977952
0.01457700641342879
0.19532615013581414
0.0851641126855507
0.33451437592129707
0.06099121165155768
0.35126612383330896
0.4037271229103482
0.0258540830454567
0.3354644330270767
0.08681453215128662
0.0888125123683447
0.17542115694778163
